6
20
25
52
46
35
30
39
42
2
10
17
22
27
37
29
41
40
43
50
5
24
11
8
19
28
15
14
21
36
48
51
31
38
1 
12
23
16
13
9
3
33
47
49
32
45
4
26
18
7
34
44
38
52
47
32
30
29
36
1
11
22
28
6
17
44
43
50
41
33
2
13
24
26
27
19
8
46
34
40
42
31
35
51
45
39
37
15
25
9
4
12
23
14
7
3
10
48
49
5
18
21
20
16
52
33
8
21
17
10
47
37
40
42
19
14
13
1
6
7
24
50
44
30
35
51
20
9
11
26
28
45
48
39
29
22
15
25
3
5
49
36
2
23
27
12
4
18
34
41
46
43
31
16
32
38
9
3
23
28
46
36
39
52
31
29
38
18
11
13
26
48
34
41
49
44
33
15
1
12
20
25
50
37
42
19
24
7
10
4
17
14
47
43
32
40
30
16
22
27
6
2
8
21
45
51
35
5
20
14
1
9
50
44
35
42
32
18
28
6
4
22
13
25
26
46
52
33
39
41
48
23
15
8
27
49
37
40
51
21
11
24
2
47
29
36
38
43
34
3
19
10
45
30
16
12
5
31
17
7
41
29
12
1
21
14
28
9
6
50
44
35
49
7
22
15
3
27
11
4
46
37
47
52
42
31
36
18
8
24
48
33
40
19
10
16
26
51
32
39
20
5
25
45
34
38
2
23
17
43
30
13
18
24
6
10
22
49
33
29
44
8
19
11
26
5
16
9
2
25
50
37
31
39
46
52
1
12
23
28
17
3
48
35
41
45
30
21
7
27
13
4
20
14
47
51
34
42
43
15
32
40
38
36
23
7
46
30
41
20
15
10
2
12
25
26
50
37
29
17
1
9
21
28
48
34
43
42
18
6
11
22
47
39
45
19
4
16
8
24
44
38
31
14
5
27
52
36
40
3
13
32
49
35
51
33
3
24
19
46
33
38
44
22
6
9
25
1
48
40
29
23
10
17
14
52
31
20
4
11
21
49
36
45
15
2
27
50
34
8
26
51
35
47
39
12
18
43
41
16
5
28
37
13
32
42
7
30
24
6
16
49
34
40
19
3
17
10
50
37
29
42
22
8
20
38
30
7
21
52
39
32
9
23
45
31
13
18
1
48
41
26
15
11
28
35
43
51
14
12
2
46
36
47
25
5
44
33
4
27
10
4
24
50
36
46
20
8
26
52
40
30
6
17
26
22
48
35
49
7
21
11
51
38
45
1
14
27
47
39
29
16
5
13
44
31
23
12
18
43
33
19
3
34
25
2
15
37
42
28
32
41
46
33
20
11
3
18
50
30
15
13
40
36
52
6
23
28
8
21
48
32
16
7
25
44
29
51
9
1
49
31
24
5
42
34
19
12
2
47
38
14
10
22
45
35
41
17
4
43
27
26
39
37
18
10
25
48
34
29
23
11
3
46
35
27
45
20
8
22
49
33
24
26
6
50
37
52
30
42
17
1
13
51
32
21
7
47
28
9
19
41
38
31
15
5
44
36
12
4
16
43
2
14
40
39
34
23
50
19
8
21
47
31
1
24
11
49
35
44
26
9
16
48
33
13
20
52
29
27
18
4
25
51
36
10
22
2
46
39
42
28
14
6
45
12
17
41
30
15
3
43
32
7
40
37
5
38
4
20
25
50
31
43
22
11
2
24
46
29
16
40
28
7
23
13
41
34
14
12
52
45
37
21
9
1
19
47
39
27
18
6
48
35
26
8
15
44
32
49
5
17
10
51
30
42
36
3
33
38

